195.42
-293.138
5.34196
-23.1036
67.1412
-160.078
114.654
35.9057
-122.677
-92.2862
95.178
33.7203
5.90235
1.92635
131.292
35.6786
7.76878
55.2312
-53.9816
100.774
63.7726
44.0675
-49.832
-24.1494
180.469
-1.17184
34.6958
-120.717
148.175
174.56
84.8838
-13.4961
-57.4398
33.1367
-54.473
105.589
14.7764
-75.8969
-116.941
-28.5875
50.4708
102.326
-29.4356
30.0134
-25.3165
36.4677
-77.9395
-122.875
-90.4785
35.9585
-27.9868
47.1908
39.8121
-66.1452
-51.3407
-91.8873
2.65531
74.3252
84.9941
-10.0587
-2.83321
17.9524
24.486
190.82
-2.61155
11.7317
-6.67881
-38.8761
41.9005
74.9673
29.6067
-2.94314
2.16322
17.362
5.16594
12.5165
113.692
-22.5871
81.3863
26.9707
-35.6743
-84.5696
35.8254
-31.2376
-33.7206
33.0702
-1.33521
9.70144
-29.3421
12.0481
-24.5419
46.6473
-48.1042
-45.0014
-41.4343
-39.8359
-23.7237
-65.741
-22.4821
63.609
52.4404
-25.9398
80.5871
34.1687
36.7503
-15.6096
8.75024
-23.6959
-14.1849
-2.62748
37.8839
18.2878
-9.95544
-28.6598
109.12
58.9441
27.6593
-4.13092
-25.4737
